558 687
2 64 64
1 64

1 1 64 129 INV
1 1 1 130 INV
1 1 65 131 INV
1 1 2 132 INV
1 1 66 133 INV
1 1 3 134 INV
1 1 67 135 INV
1 1 4 136 INV
1 1 68 137 INV
1 1 5 138 INV
1 1 69 139 INV
1 1 6 140 INV
1 1 70 141 INV
1 1 7 142 INV
1 1 71 143 INV
1 1 8 144 INV
1 1 72 145 INV
1 1 9 146 INV
1 1 73 147 INV
1 1 10 148 INV
1 1 74 149 INV
1 1 11 150 INV
1 1 75 151 INV
1 1 12 152 INV
1 1 76 153 INV
1 1 13 154 INV
1 1 77 155 INV
1 1 14 156 INV
1 1 78 157 INV
1 1 15 158 INV
1 1 79 159 INV
1 1 16 160 INV
1 1 80 161 INV
1 1 17 162 INV
1 1 81 163 INV
1 1 18 164 INV
1 1 82 165 INV
1 1 19 166 INV
1 1 83 167 INV
1 1 84 168 INV
1 1 85 169 INV
1 1 86 170 INV
1 1 23 171 INV
1 1 87 172 INV
1 1 88 173 INV
1 1 89 174 INV
1 1 90 175 INV
1 1 91 176 INV
1 1 92 177 INV
1 1 93 178 INV
1 1 94 179 INV
1 1 95 180 INV
1 1 96 181 INV
1 1 97 182 INV
1 1 98 183 INV
1 1 99 184 INV
1 1 100 185 INV
1 1 101 186 INV
1 1 102 187 INV
1 1 103 188 INV
1 1 104 189 INV
1 1 105 190 INV
1 1 106 191 INV
1 1 107 192 INV
1 1 108 193 INV
1 1 109 194 INV
1 1 110 195 INV
1 1 111 196 INV
1 1 112 197 INV
1 1 113 198 INV
1 1 114 199 INV
1 1 115 200 INV
1 1 116 201 INV
1 1 117 202 INV
1 1 118 203 INV
1 1 119 204 INV
1 1 120 205 INV
1 1 121 206 INV
1 1 122 207 INV
1 1 123 208 INV
1 1 124 209 INV
1 1 125 210 INV
1 1 126 211 INV
1 1 63 212 INV
1 1 127 213 INV
2 1 63 213 214 AND
1 1 214 215 INV
2 1 212 127 216 AND
1 1 216 217 INV
2 1 215 217 218 AND
2 1 62 211 219 AND
2 1 62 211 220 XOR
2 1 218 220 221 AND
2 1 61 210 222 AND
2 1 61 210 223 XOR
2 1 221 223 224 AND
2 1 60 209 225 AND
2 1 60 209 226 XOR
2 1 224 226 227 AND
2 1 55 204 228 AND
2 1 55 204 229 XOR
2 1 56 205 230 AND
2 1 56 205 231 XOR
2 1 59 208 232 AND
2 1 59 208 233 XOR
2 1 57 206 234 AND
2 1 57 206 235 XOR
2 1 58 207 236 AND
2 1 58 207 237 XOR
2 1 227 233 238 AND
2 1 237 238 239 AND
2 1 235 239 240 AND
2 1 231 240 241 AND
2 1 229 241 242 AND
2 1 51 200 243 AND
2 1 51 200 244 XOR
2 1 52 201 245 AND
2 1 52 201 246 XOR
2 1 53 202 247 AND
2 1 53 202 248 XOR
2 1 54 203 249 AND
2 1 54 203 250 XOR
2 1 242 250 251 AND
2 1 248 251 252 AND
2 1 246 252 253 AND
2 1 244 253 254 AND
2 1 46 195 255 AND
2 1 46 195 256 XOR
2 1 47 196 257 AND
2 1 47 196 258 XOR
2 1 50 199 259 AND
2 1 50 199 260 XOR
2 1 48 197 261 AND
2 1 48 197 262 XOR
2 1 49 198 263 AND
2 1 49 198 264 XOR
2 1 254 260 265 AND
2 1 264 265 266 AND
2 1 262 266 267 AND
2 1 258 267 268 AND
2 1 256 268 269 AND
2 1 45 194 270 AND
2 1 45 194 271 XOR
2 1 269 271 272 AND
2 1 40 189 273 AND
2 1 40 189 274 XOR
2 1 41 190 275 AND
2 1 41 190 276 XOR
2 1 44 193 277 AND
2 1 44 193 278 XOR
2 1 42 191 279 AND
2 1 42 191 280 XOR
2 1 43 192 281 AND
2 1 43 192 282 XOR
2 1 272 278 283 AND
2 1 282 283 284 AND
2 1 280 284 285 AND
2 1 276 285 286 AND
2 1 274 286 287 AND
2 1 39 188 288 AND
2 1 39 188 289 XOR
2 1 287 289 290 AND
2 1 34 183 291 AND
2 1 34 183 292 XOR
2 1 35 184 293 AND
2 1 35 184 294 XOR
2 1 38 187 295 AND
2 1 38 187 296 XOR
2 1 36 185 297 AND
2 1 36 185 298 XOR
2 1 37 186 299 AND
2 1 37 186 300 XOR
2 1 290 296 301 AND
2 1 300 301 302 AND
2 1 298 302 303 AND
2 1 294 303 304 AND
2 1 292 304 305 AND
2 1 33 182 306 AND
2 1 305 306 307 AND
1 1 307 308 INV
2 1 287 288 309 AND
1 1 309 310 INV
2 1 269 270 311 AND
1 1 311 312 INV
2 1 224 225 313 AND
1 1 313 314 INV
2 1 221 222 315 AND
1 1 315 316 INV
2 1 217 219 317 AND
1 1 317 318 INV
2 1 273 286 319 AND
1 1 319 320 INV
2 1 275 285 321 AND
1 1 321 322 INV
2 1 279 284 323 AND
1 1 323 324 INV
2 1 281 283 325 AND
1 1 325 326 INV
2 1 272 277 327 AND
1 1 327 328 INV
2 1 255 268 329 AND
1 1 329 330 INV
2 1 257 267 331 AND
1 1 331 332 INV
2 1 261 266 333 AND
1 1 333 334 INV
2 1 263 265 335 AND
1 1 335 336 INV
2 1 254 259 337 AND
1 1 337 338 INV
2 1 243 253 339 AND
1 1 339 340 INV
2 1 245 252 341 AND
1 1 341 342 INV
2 1 247 251 343 AND
1 1 343 344 INV
2 1 242 249 345 AND
1 1 345 346 INV
2 1 228 241 347 AND
1 1 347 348 INV
2 1 230 240 349 AND
1 1 349 350 INV
2 1 234 239 351 AND
1 1 351 352 INV
2 1 236 238 353 AND
1 1 353 354 INV
2 1 227 232 355 AND
1 1 355 356 INV
2 1 291 304 357 AND
1 1 357 358 INV
2 1 293 303 359 AND
1 1 359 360 INV
2 1 297 302 361 AND
1 1 361 362 INV
2 1 299 301 363 AND
1 1 363 364 INV
2 1 290 295 365 AND
1 1 365 366 INV
2 1 33 182 367 XOR
2 1 305 367 368 AND
2 1 32 181 369 AND
2 1 31 180 370 AND
2 1 30 179 371 AND
2 1 29 178 372 AND
2 1 28 177 373 AND
2 1 29 178 374 XOR
2 1 30 179 375 XOR
2 1 31 180 376 XOR
2 1 32 181 377 XOR
2 1 368 377 378 AND
2 1 376 378 379 AND
2 1 375 379 380 AND
2 1 374 380 381 AND
2 1 373 381 382 AND
1 1 382 383 INV
2 1 372 380 384 AND
1 1 384 385 INV
2 1 371 379 386 AND
1 1 386 387 INV
2 1 370 378 388 AND
1 1 388 389 INV
2 1 368 369 390 AND
1 1 390 391 INV
2 1 28 177 392 XOR
2 1 381 392 393 AND
2 1 27 176 394 AND
2 1 26 175 395 AND
2 1 25 174 396 AND
2 1 25 174 397 XOR
2 1 24 173 398 AND
2 1 24 173 399 XOR
2 1 23 172 400 AND
1 1 400 401 INV
2 1 171 87 402 AND
1 1 402 403 INV
2 1 22 170 404 AND
2 1 403 404 405 AND
1 1 405 406 INV
2 1 401 406 407 AND
1 1 407 408 INV
2 1 156 78 409 AND
1 1 409 410 INV
2 1 12 153 411 AND
1 1 411 412 INV
2 1 150 75 413 AND
1 1 413 414 INV
2 1 144 72 415 AND
1 1 415 416 INV
2 1 130 65 417 AND
1 1 417 418 INV
2 1 0 129 419 AND
2 1 418 419 420 AND
1 1 420 421 INV
2 1 2 133 422 AND
1 1 422 423 INV
2 1 1 131 424 AND
1 1 424 425 INV
2 1 423 425 426 AND
2 1 421 426 427 AND
1 1 427 428 INV
2 1 134 67 429 AND
1 1 429 430 INV
2 1 132 66 431 AND
1 1 431 432 INV
2 1 430 432 433 AND
2 1 428 433 434 AND
1 1 434 435 INV
2 1 3 135 436 AND
1 1 436 437 INV
2 1 4 137 438 AND
1 1 438 439 INV
2 1 437 439 440 AND
2 1 435 440 441 AND
1 1 441 442 INV
2 1 138 69 443 AND
1 1 443 444 INV
2 1 136 68 445 AND
1 1 445 446 INV
2 1 444 446 447 AND
2 1 442 447 448 AND
1 1 448 449 INV
2 1 6 141 450 AND
1 1 450 451 INV
2 1 5 139 452 AND
1 1 452 453 INV
2 1 451 453 454 AND
2 1 449 454 455 AND
1 1 455 456 INV
2 1 142 71 457 AND
1 1 457 458 INV
2 1 140 70 459 AND
1 1 459 460 INV
2 1 458 460 461 AND
2 1 456 461 462 AND
1 1 462 463 INV
2 1 7 143 464 AND
1 1 464 465 INV
2 1 9 147 466 AND
1 1 466 467 INV
2 1 8 145 468 AND
1 1 468 469 INV
2 1 465 469 470 AND
2 1 463 470 471 AND
1 1 471 472 INV
2 1 416 472 473 AND
1 1 473 474 INV
2 1 467 474 475 AND
1 1 475 476 INV
2 1 148 74 477 AND
1 1 477 478 INV
2 1 146 73 479 AND
1 1 479 480 INV
2 1 478 480 481 AND
2 1 476 481 482 AND
1 1 482 483 INV
2 1 11 151 484 AND
1 1 484 485 INV
2 1 10 149 486 AND
1 1 486 487 INV
2 1 485 487 488 AND
2 1 483 488 489 AND
1 1 489 490 INV
2 1 414 490 491 AND
1 1 491 492 INV
2 1 412 492 493 AND
1 1 493 494 INV
2 1 154 77 495 AND
1 1 495 496 INV
2 1 152 76 497 AND
1 1 497 498 INV
2 1 496 498 499 AND
2 1 494 499 500 AND
1 1 500 501 INV
2 1 13 155 502 AND
1 1 502 503 INV
2 1 15 159 504 AND
1 1 504 505 INV
2 1 14 157 506 AND
1 1 506 507 INV
2 1 503 507 508 AND
2 1 501 508 509 AND
1 1 509 510 INV
2 1 410 510 511 AND
1 1 511 512 INV
2 1 505 512 513 AND
1 1 513 514 INV
2 1 158 79 515 AND
1 1 515 516 INV
2 1 160 80 517 AND
1 1 517 518 INV
2 1 516 518 519 AND
2 1 514 519 520 AND
1 1 520 521 INV
2 1 16 161 522 AND
1 1 522 523 INV
2 1 17 163 524 AND
1 1 524 525 INV
2 1 523 525 526 AND
2 1 521 526 527 AND
1 1 527 528 INV
2 1 162 81 529 AND
1 1 529 530 INV
2 1 164 82 531 AND
1 1 531 532 INV
2 1 530 532 533 AND
2 1 528 533 534 AND
1 1 534 535 INV
2 1 19 167 536 AND
1 1 536 537 INV
2 1 18 165 538 AND
1 1 538 539 INV
2 1 166 83 540 AND
1 1 540 541 INV
2 1 21 169 542 AND
2 1 20 168 543 AND
2 1 27 176 544 XOR
2 1 393 544 545 AND
2 1 26 175 546 XOR
2 1 545 546 547 AND
2 1 397 547 548 AND
2 1 398 548 549 AND
1 1 549 550 INV
2 1 396 547 551 AND
1 1 551 552 INV
2 1 395 545 553 AND
1 1 553 554 INV
2 1 393 394 555 AND
1 1 555 556 INV
2 1 399 548 557 AND
2 1 401 403 558 AND
2 1 557 558 559 AND
2 1 22 170 560 XOR
2 1 559 560 561 AND
2 1 21 169 562 XOR
2 1 561 562 563 AND
2 1 20 168 564 XOR
2 1 563 564 565 AND
2 1 536 565 566 AND
1 1 566 567 INV
2 1 408 557 568 AND
1 1 568 569 INV
2 1 554 569 570 AND
2 1 567 570 571 AND
2 1 316 391 572 AND
2 1 383 572 573 AND
2 1 543 563 574 AND
1 1 574 575 INV
2 1 215 314 576 AND
2 1 352 576 577 AND
2 1 348 577 578 AND
2 1 354 356 579 AND
2 1 350 579 580 AND
2 1 346 580 581 AND
2 1 578 581 582 AND
2 1 344 582 583 AND
2 1 342 583 584 AND
2 1 338 340 585 AND
2 1 584 585 586 AND
2 1 336 586 587 AND
2 1 334 587 588 AND
2 1 330 332 589 AND
2 1 588 589 590 AND
2 1 312 590 591 AND
2 1 328 591 592 AND
2 1 322 592 593 AND
2 1 310 593 594 AND
2 1 324 326 595 AND
2 1 320 595 596 AND
2 1 366 596 597 AND
2 1 594 597 598 AND
2 1 364 598 599 AND
2 1 362 599 600 AND
2 1 358 360 601 AND
2 1 600 601 602 AND
2 1 308 602 603 AND
2 1 556 603 604 AND
2 1 550 604 605 AND
2 1 385 389 606 AND
2 1 605 606 607 AND
2 1 575 607 608 AND
2 1 573 608 609 AND
2 1 571 609 610 AND
2 1 535 539 611 AND
1 1 611 612 INV
2 1 537 612 613 AND
2 1 541 613 614 AND
2 1 565 614 615 AND
1 1 615 616 INV
2 1 542 561 617 AND
1 1 617 618 INV
2 1 318 552 619 AND
2 1 618 619 620 AND
2 1 387 620 621 AND
2 1 616 621 622 AND
2 1 610 622 623 AND
1 1 623 624 EQW
1 1 623 625 EQW
1 1 623 626 EQW
1 1 623 627 EQW
1 1 623 628 EQW
1 1 623 629 EQW
1 1 623 630 EQW
1 1 623 631 EQW
1 1 623 632 EQW
1 1 623 633 EQW
1 1 623 634 EQW
1 1 623 635 EQW
1 1 623 636 EQW
1 1 623 637 EQW
1 1 623 638 EQW
1 1 623 639 EQW
1 1 623 640 EQW
1 1 623 641 EQW
1 1 623 642 EQW
1 1 623 643 EQW
1 1 623 644 EQW
1 1 623 645 EQW
1 1 623 646 EQW
1 1 623 647 EQW
1 1 623 648 EQW
1 1 623 649 EQW
1 1 623 650 EQW
1 1 623 651 EQW
1 1 623 652 EQW
1 1 623 653 EQW
1 1 623 654 EQW
1 1 623 655 EQW
1 1 623 656 EQW
1 1 623 657 EQW
1 1 623 658 EQW
1 1 623 659 EQW
1 1 623 660 EQW
1 1 623 661 EQW
1 1 623 662 EQW
1 1 623 663 EQW
1 1 623 664 EQW
1 1 623 665 EQW
1 1 623 666 EQW
1 1 623 667 EQW
1 1 623 668 EQW
1 1 623 669 EQW
1 1 623 670 EQW
1 1 623 671 EQW
1 1 623 672 EQW
1 1 623 673 EQW
1 1 623 674 EQW
1 1 623 675 EQW
1 1 623 676 EQW
1 1 623 677 EQW
1 1 623 678 EQW
1 1 623 679 EQW
1 1 623 680 EQW
1 1 623 681 EQW
1 1 623 682 EQW
1 1 623 683 EQW
1 1 623 684 EQW
1 1 623 685 EQW
1 1 623 686 EQW
1 1 623 687 EQW

