684 813
2 64 64
1 64

1 1 64 129 INV
1 1 65 130 INV
1 1 1 131 INV
1 1 66 132 INV
1 1 2 133 INV
1 1 67 134 INV
1 1 3 135 INV
1 1 68 136 INV
1 1 4 137 INV
1 1 69 138 INV
1 1 5 139 INV
1 1 70 140 INV
1 1 6 141 INV
1 1 71 142 INV
1 1 7 143 INV
1 1 72 144 INV
1 1 8 145 INV
1 1 73 146 INV
1 1 9 147 INV
1 1 74 148 INV
1 1 10 149 INV
1 1 75 150 INV
1 1 11 151 INV
1 1 76 152 INV
1 1 12 153 INV
1 1 77 154 INV
1 1 13 155 INV
1 1 78 156 INV
1 1 14 157 INV
1 1 79 158 INV
1 1 15 159 INV
1 1 80 160 INV
1 1 16 161 INV
1 1 81 162 INV
1 1 17 163 INV
1 1 82 164 INV
1 1 18 165 INV
1 1 83 166 INV
1 1 19 167 INV
1 1 84 168 INV
1 1 20 169 INV
1 1 85 170 INV
1 1 21 171 INV
1 1 86 172 INV
1 1 22 173 INV
1 1 87 174 INV
1 1 23 175 INV
1 1 88 176 INV
1 1 24 177 INV
1 1 89 178 INV
1 1 90 179 INV
1 1 26 180 INV
1 1 91 181 INV
1 1 92 182 INV
1 1 28 183 INV
1 1 93 184 INV
1 1 29 185 INV
1 1 94 186 INV
1 1 30 187 INV
1 1 95 188 INV
1 1 31 189 INV
1 1 96 190 INV
1 1 32 191 INV
1 1 97 192 INV
1 1 33 193 INV
1 1 98 194 INV
1 1 34 195 INV
1 1 99 196 INV
1 1 35 197 INV
1 1 100 198 INV
1 1 36 199 INV
1 1 101 200 INV
1 1 37 201 INV
1 1 102 202 INV
1 1 38 203 INV
1 1 103 204 INV
1 1 39 205 INV
1 1 104 206 INV
1 1 40 207 INV
1 1 105 208 INV
1 1 41 209 INV
1 1 106 210 INV
1 1 42 211 INV
1 1 107 212 INV
1 1 43 213 INV
1 1 108 214 INV
1 1 44 215 INV
1 1 109 216 INV
1 1 45 217 INV
1 1 110 218 INV
1 1 46 219 INV
1 1 111 220 INV
1 1 47 221 INV
1 1 112 222 INV
1 1 48 223 INV
1 1 113 224 INV
1 1 49 225 INV
1 1 114 226 INV
1 1 50 227 INV
1 1 115 228 INV
1 1 51 229 INV
1 1 116 230 INV
1 1 52 231 INV
1 1 117 232 INV
1 1 53 233 INV
1 1 118 234 INV
1 1 54 235 INV
1 1 119 236 INV
1 1 55 237 INV
1 1 120 238 INV
1 1 56 239 INV
1 1 121 240 INV
1 1 57 241 INV
1 1 122 242 INV
1 1 58 243 INV
1 1 123 244 INV
1 1 124 245 INV
1 1 60 246 INV
1 1 125 247 INV
1 1 61 248 INV
1 1 126 249 INV
1 1 127 250 INV
1 1 63 251 INV
1 1 62 252 INV
1 1 59 253 INV
1 1 27 254 INV
1 1 25 255 INV
2 1 99 197 256 AND
1 1 256 257 INV
2 1 65 131 258 AND
1 1 258 259 INV
2 1 129 0 260 AND
2 1 259 260 261 AND
1 1 261 262 INV
2 1 130 1 263 AND
1 1 263 264 INV
2 1 132 2 265 AND
1 1 265 266 INV
2 1 264 266 267 AND
2 1 262 267 268 AND
1 1 268 269 INV
2 1 67 135 270 AND
1 1 270 271 INV
2 1 66 133 272 AND
1 1 272 273 INV
2 1 271 273 274 AND
2 1 269 274 275 AND
1 1 275 276 INV
2 1 136 4 277 AND
1 1 277 278 INV
2 1 134 3 279 AND
1 1 279 280 INV
2 1 278 280 281 AND
2 1 276 281 282 AND
1 1 282 283 INV
2 1 69 139 284 AND
1 1 284 285 INV
2 1 68 137 286 AND
1 1 286 287 INV
2 1 285 287 288 AND
2 1 283 288 289 AND
1 1 289 290 INV
2 1 138 5 291 AND
1 1 291 292 INV
2 1 140 6 293 AND
1 1 293 294 INV
2 1 292 294 295 AND
2 1 290 295 296 AND
1 1 296 297 INV
2 1 70 141 298 AND
1 1 298 299 INV
2 1 71 143 300 AND
1 1 300 301 INV
2 1 299 301 302 AND
2 1 297 302 303 AND
1 1 303 304 INV
2 1 144 8 305 AND
1 1 305 306 INV
2 1 142 7 307 AND
1 1 307 308 INV
2 1 306 308 309 AND
2 1 304 309 310 AND
1 1 310 311 INV
2 1 72 145 312 AND
1 1 312 313 INV
2 1 73 147 314 AND
1 1 314 315 INV
2 1 313 315 316 AND
2 1 311 316 317 AND
1 1 317 318 INV
2 1 148 10 319 AND
1 1 319 320 INV
2 1 146 9 321 AND
1 1 321 322 INV
2 1 320 322 323 AND
2 1 318 323 324 AND
1 1 324 325 INV
2 1 75 151 326 AND
1 1 326 327 INV
2 1 74 149 328 AND
1 1 328 329 INV
2 1 327 329 330 AND
2 1 325 330 331 AND
1 1 331 332 INV
2 1 152 12 333 AND
1 1 333 334 INV
2 1 150 11 335 AND
1 1 335 336 INV
2 1 334 336 337 AND
2 1 332 337 338 AND
1 1 338 339 INV
2 1 76 153 340 AND
1 1 340 341 INV
2 1 77 155 342 AND
1 1 342 343 INV
2 1 341 343 344 AND
2 1 339 344 345 AND
1 1 345 346 INV
2 1 156 14 347 AND
1 1 347 348 INV
2 1 154 13 349 AND
1 1 349 350 INV
2 1 348 350 351 AND
2 1 346 351 352 AND
1 1 352 353 INV
2 1 79 159 354 AND
1 1 354 355 INV
2 1 78 157 356 AND
1 1 356 357 INV
2 1 355 357 358 AND
2 1 353 358 359 AND
1 1 359 360 INV
2 1 160 16 361 AND
1 1 361 362 INV
2 1 158 15 363 AND
1 1 363 364 INV
2 1 362 364 365 AND
2 1 360 365 366 AND
1 1 366 367 INV
2 1 81 163 368 AND
1 1 368 369 INV
2 1 80 161 370 AND
1 1 370 371 INV
2 1 369 371 372 AND
2 1 367 372 373 AND
1 1 373 374 INV
2 1 162 17 375 AND
1 1 375 376 INV
2 1 164 18 377 AND
1 1 377 378 INV
2 1 376 378 379 AND
2 1 374 379 380 AND
1 1 380 381 INV
2 1 86 173 382 AND
1 1 382 383 INV
2 1 87 175 384 AND
1 1 384 385 INV
2 1 383 385 386 AND
2 1 88 177 387 AND
1 1 387 388 INV
2 1 89 255 389 AND
1 1 389 390 INV
2 1 388 390 391 AND
2 1 386 391 392 AND
1 1 392 393 INV
2 1 84 169 394 AND
1 1 394 395 INV
2 1 85 171 396 AND
1 1 396 397 INV
2 1 395 397 398 AND
2 1 83 167 399 AND
1 1 399 400 INV
2 1 82 165 401 AND
1 1 401 402 INV
2 1 400 402 403 AND
2 1 398 403 404 AND
2 1 392 404 405 AND
2 1 190 32 406 AND
1 1 406 407 INV
2 1 188 31 408 AND
1 1 408 409 INV
2 1 407 409 410 AND
2 1 186 30 411 AND
1 1 411 412 INV
2 1 184 29 413 AND
1 1 413 414 INV
2 1 412 414 415 AND
2 1 410 415 416 AND
2 1 405 416 417 AND
2 1 194 34 418 AND
1 1 418 419 INV
2 1 192 33 420 AND
1 1 420 421 INV
2 1 419 421 422 AND
1 1 422 423 INV
2 1 97 193 424 AND
1 1 424 425 INV
2 1 98 195 426 AND
1 1 426 427 INV
2 1 96 191 428 AND
1 1 428 429 INV
2 1 425 429 430 AND
2 1 422 430 431 AND
2 1 427 431 432 AND
2 1 176 24 433 AND
1 1 433 434 INV
2 1 174 23 435 AND
1 1 435 436 INV
2 1 434 436 437 AND
1 1 437 438 INV
2 1 172 22 439 AND
1 1 439 440 INV
2 1 170 21 441 AND
1 1 441 442 INV
2 1 440 442 443 AND
2 1 437 443 444 AND
2 1 182 28 445 AND
1 1 445 446 INV
2 1 181 27 447 AND
1 1 447 448 INV
2 1 446 448 449 AND
2 1 178 25 450 AND
1 1 450 451 INV
2 1 179 26 452 AND
1 1 452 453 INV
2 1 451 453 454 AND
2 1 449 454 455 AND
2 1 444 455 456 AND
2 1 94 187 457 AND
1 1 457 458 INV
2 1 95 189 459 AND
1 1 459 460 INV
2 1 458 460 461 AND
1 1 461 462 INV
2 1 92 183 463 AND
1 1 463 464 INV
2 1 93 185 465 AND
1 1 465 466 INV
2 1 464 466 467 AND
2 1 461 467 468 AND
2 1 168 20 469 AND
1 1 469 470 INV
2 1 166 19 471 AND
1 1 471 472 INV
2 1 470 472 473 AND
1 1 473 474 INV
2 1 90 180 475 AND
1 1 475 476 INV
2 1 91 254 477 AND
1 1 477 478 INV
2 1 476 478 479 AND
1 1 479 480 INV
2 1 473 479 481 AND
2 1 468 481 482 AND
2 1 456 482 483 AND
2 1 432 483 484 AND
2 1 417 484 485 AND
2 1 381 485 486 AND
1 1 486 487 INV
2 1 423 427 488 AND
1 1 488 489 INV
2 1 391 438 490 AND
1 1 490 491 INV
2 1 393 455 492 AND
2 1 491 492 493 AND
1 1 493 494 INV
2 1 398 474 495 AND
1 1 495 496 INV
2 1 456 496 497 AND
1 1 497 498 INV
2 1 449 480 499 AND
1 1 499 500 INV
2 1 467 500 501 AND
2 1 498 501 502 AND
2 1 494 502 503 AND
1 1 503 504 INV
2 1 416 504 505 AND
1 1 505 506 INV
2 1 410 462 507 AND
1 1 507 508 INV
2 1 432 508 509 AND
2 1 506 509 510 AND
1 1 510 511 INV
2 1 489 511 512 AND
2 1 487 512 513 AND
1 1 513 514 INV
2 1 257 514 515 AND
1 1 515 516 INV
2 1 198 36 517 AND
1 1 517 518 INV
2 1 196 35 519 AND
1 1 519 520 INV
2 1 518 520 521 AND
2 1 516 521 522 AND
1 1 522 523 INV
2 1 101 201 524 AND
1 1 524 525 INV
2 1 102 203 526 AND
1 1 526 527 INV
2 1 100 199 528 AND
1 1 528 529 INV
2 1 525 529 530 AND
2 1 527 530 531 AND
2 1 523 531 532 AND
1 1 532 533 INV
2 1 200 37 534 AND
1 1 534 535 INV
2 1 202 38 536 AND
1 1 536 537 INV
2 1 535 537 538 AND
2 1 533 538 539 AND
1 1 539 540 INV
2 1 103 205 541 AND
1 1 541 542 INV
2 1 526 534 543 AND
1 1 543 544 INV
2 1 542 544 545 AND
2 1 540 545 546 AND
1 1 546 547 INV
2 1 206 40 548 AND
1 1 548 549 INV
2 1 204 39 550 AND
1 1 550 551 INV
2 1 549 551 552 AND
2 1 547 552 553 AND
1 1 553 554 INV
2 1 249 62 555 AND
1 1 555 556 INV
2 1 250 63 557 AND
1 1 557 558 INV
2 1 556 558 559 AND
2 1 247 61 560 AND
1 1 560 561 INV
2 1 245 60 562 AND
1 1 562 563 INV
2 1 561 563 564 AND
2 1 559 564 565 AND
1 1 565 566 INV
2 1 126 252 567 AND
1 1 567 568 INV
2 1 125 248 569 AND
1 1 569 570 INV
2 1 568 570 571 AND
1 1 571 572 INV
2 1 127 251 573 AND
1 1 573 574 INV
2 1 124 246 575 AND
1 1 575 576 INV
2 1 574 576 577 AND
2 1 571 577 578 AND
2 1 565 578 579 AND
2 1 240 57 580 AND
1 1 580 581 INV
2 1 244 59 582 AND
1 1 582 583 INV
2 1 242 58 584 AND
1 1 584 585 INV
2 1 581 585 586 AND
2 1 583 586 587 AND
1 1 587 588 INV
2 1 121 241 589 AND
1 1 589 590 INV
2 1 123 253 591 AND
1 1 591 592 INV
2 1 122 243 593 AND
1 1 593 594 INV
2 1 592 594 595 AND
1 1 595 596 INV
2 1 590 595 597 AND
2 1 587 597 598 AND
2 1 579 598 599 AND
2 1 107 213 600 AND
1 1 600 601 INV
2 1 116 231 602 AND
1 1 602 603 INV
2 1 120 239 604 AND
1 1 604 605 INV
2 1 234 54 606 AND
1 1 606 607 INV
2 1 106 211 608 AND
1 1 608 609 INV
2 1 117 233 610 AND
1 1 610 611 INV
2 1 228 51 612 AND
1 1 612 613 INV
2 1 218 46 614 AND
1 1 614 615 INV
2 1 216 45 616 AND
1 1 616 617 INV
2 1 615 617 618 AND
2 1 214 44 619 AND
1 1 619 620 INV
2 1 212 43 621 AND
1 1 621 622 INV
2 1 620 622 623 AND
2 1 618 623 624 AND
1 1 624 625 INV
2 1 115 229 626 AND
1 1 626 627 INV
2 1 114 227 628 AND
1 1 628 629 INV
2 1 627 629 630 AND
2 1 112 223 631 AND
1 1 631 632 INV
2 1 113 225 633 AND
1 1 633 634 INV
2 1 632 634 635 AND
2 1 630 635 636 AND
2 1 110 219 637 AND
1 1 637 638 INV
2 1 111 221 639 AND
1 1 639 640 INV
2 1 638 640 641 AND
2 1 220 47 642 AND
1 1 642 643 INV
2 1 222 48 644 AND
1 1 644 645 INV
2 1 643 645 646 AND
2 1 118 235 647 AND
1 1 647 648 INV
2 1 119 237 649 AND
1 1 649 650 INV
2 1 648 650 651 AND
2 1 238 56 652 AND
1 1 652 653 INV
2 1 236 55 654 AND
1 1 654 655 INV
2 1 653 655 656 AND
2 1 109 217 657 AND
1 1 657 658 INV
2 1 108 215 659 AND
1 1 659 660 INV
2 1 658 660 661 AND
1 1 661 662 INV
2 1 232 53 663 AND
1 1 663 664 INV
2 1 230 52 665 AND
1 1 665 666 INV
2 1 664 666 667 AND
2 1 226 50 668 AND
1 1 668 669 INV
2 1 224 49 670 AND
1 1 670 671 INV
2 1 669 671 672 AND
1 1 672 673 INV
2 1 641 667 674 AND
2 1 601 607 675 AND
2 1 603 611 676 AND
2 1 609 676 677 AND
2 1 675 677 678 AND
2 1 605 656 679 AND
2 1 624 679 680 AND
2 1 678 680 681 AND
2 1 599 681 682 AND
2 1 646 661 683 AND
2 1 674 683 684 AND
2 1 651 672 685 AND
2 1 684 685 686 AND
2 1 613 636 687 AND
2 1 686 687 688 AND
2 1 682 688 689 AND
2 1 210 42 690 AND
1 1 690 691 INV
2 1 208 41 692 AND
1 1 692 693 INV
2 1 691 693 694 AND
1 1 694 695 INV
2 1 105 209 696 AND
1 1 696 697 INV
2 1 104 207 698 AND
1 1 698 699 INV
2 1 697 699 700 AND
2 1 694 700 701 AND
2 1 689 701 702 AND
2 1 554 702 703 AND
1 1 703 704 INV
2 1 618 662 705 AND
1 1 705 706 INV
2 1 625 641 707 AND
2 1 706 707 708 AND
1 1 708 709 INV
2 1 646 709 710 AND
1 1 710 711 INV
2 1 636 711 712 AND
1 1 712 713 INV
2 1 630 673 714 AND
1 1 714 715 INV
2 1 613 715 716 AND
2 1 713 716 717 AND
1 1 717 718 INV
2 1 603 718 719 AND
1 1 719 720 INV
2 1 667 720 721 AND
1 1 721 722 INV
2 1 611 722 723 AND
1 1 723 724 INV
2 1 607 724 725 AND
1 1 725 726 INV
2 1 651 726 727 AND
1 1 727 728 INV
2 1 656 728 729 AND
1 1 729 730 INV
2 1 599 605 731 AND
2 1 730 731 732 AND
1 1 732 733 INV
2 1 689 695 734 AND
1 1 734 735 INV
2 1 583 596 736 AND
1 1 736 737 INV
2 1 579 588 738 AND
2 1 737 738 739 AND
1 1 739 740 INV
2 1 559 572 741 AND
1 1 741 742 INV
2 1 566 574 743 AND
2 1 742 743 744 AND
1 1 744 745 INV
2 1 740 745 746 AND
2 1 735 746 747 AND
2 1 733 747 748 AND
2 1 704 748 812 AND
1 1 812 749 EQW
1 1 812 750 EQW
1 1 812 751 EQW
1 1 812 752 EQW
1 1 812 753 EQW
1 1 812 754 EQW
1 1 812 755 EQW
1 1 812 756 EQW
1 1 812 757 EQW
1 1 812 758 EQW
1 1 812 759 EQW
1 1 812 760 EQW
1 1 812 761 EQW
1 1 812 762 EQW
1 1 812 763 EQW
1 1 812 764 EQW
1 1 812 765 EQW
1 1 812 766 EQW
1 1 812 767 EQW
1 1 812 768 EQW
1 1 812 769 EQW
1 1 812 770 EQW
1 1 812 771 EQW
1 1 812 772 EQW
1 1 812 773 EQW
1 1 812 774 EQW
1 1 812 775 EQW
1 1 812 776 EQW
1 1 812 777 EQW
1 1 812 778 EQW
1 1 812 779 EQW
1 1 812 780 EQW
1 1 812 781 EQW
1 1 812 782 EQW
1 1 812 783 EQW
1 1 812 784 EQW
1 1 812 785 EQW
1 1 812 786 EQW
1 1 812 787 EQW
1 1 812 788 EQW
1 1 812 789 EQW
1 1 812 790 EQW
1 1 812 791 EQW
1 1 812 792 EQW
1 1 812 793 EQW
1 1 812 794 EQW
1 1 812 795 EQW
1 1 812 796 EQW
1 1 812 797 EQW
1 1 812 798 EQW
1 1 812 799 EQW
1 1 812 800 EQW
1 1 812 801 EQW
1 1 812 802 EQW
1 1 812 803 EQW
1 1 812 804 EQW
1 1 812 805 EQW
1 1 812 806 EQW
1 1 812 807 EQW
1 1 812 808 EQW
1 1 812 809 EQW
1 1 812 810 EQW
1 1 812 811 EQW
